  Z-Axis Coordinate
   -5.00000E-05
    5.00000E-05
    1.50000E-04
    2.50000E-04
    3.50000E-04
    4.50000E-04
    5.50000E-04
    6.50000E-04
    7.50000E-04
    8.50000E-04
    9.50000E-04
    1.05000E-03
    1.15000E-03
    1.25000E-03
    1.35000E-03
    1.45000E-03
    1.55000E-03
    1.65000E-03
    1.75000E-03
    1.85000E-03
    1.95000E-03
    2.05000E-03
    2.15000E-03
    2.25000E-03
    2.35000E-03
    2.45000E-03
    2.55000E-03
    2.65000E-03
    2.75000E-03
    2.85000E-03
    2.95000E-03
    3.05000E-03
    3.15000E-03
    3.25000E-03
    3.35000E-03
    3.45000E-03
    3.55000E-03
    3.65000E-03
    3.75000E-03
    3.85000E-03
    3.95000E-03
    4.05000E-03
    4.15000E-03
    4.25000E-03
    4.35000E-03
    4.45000E-03
    4.55000E-03
    4.65000E-03
    4.75000E-03
    4.85000E-03
    4.95000E-03
    5.05000E-03
    5.15000E-03
    5.25000E-03
    5.35000E-03
    5.45000E-03
    5.55000E-03
    5.65000E-03
    5.75000E-03
    5.85000E-03
    5.95000E-03
    6.05000E-03
    6.15000E-03
    6.25000E-03
    6.35000E-03
    6.45000E-03
    6.55000E-03
    6.65000E-03
    6.75000E-03
    6.85000E-03
    6.95000E-03
    7.05000E-03
    7.15000E-03
    7.25000E-03
    7.35000E-03
    7.45000E-03
    7.55000E-03
    7.65000E-03
    7.75000E-03
    7.85000E-03
    7.95000E-03
    8.05000E-03
    8.15000E-03
    8.25000E-03
    8.35000E-03
    8.45000E-03
    8.55000E-03
    8.65000E-03
    8.75000E-03
    8.85000E-03
    8.95000E-03
    9.05000E-03
    9.15000E-03
    9.25000E-03
    9.35000E-03
    9.45000E-03
    9.55000E-03
    9.65000E-03
    9.75000E-03
    9.85000E-03
    9.95000E-03
    1.00500E-02
    1.01500E-02
    1.02500E-02
    1.03500E-02
    1.04500E-02
    1.05500E-02
    1.06500E-02
    1.07500E-02
    1.08500E-02
    1.09500E-02
    1.10500E-02
    1.11500E-02
    1.12500E-02
    1.13500E-02
    1.14500E-02
    1.15250E-02
    1.15750E-02
    1.16250E-02
    1.16750E-02
    1.17250E-02
    1.17750E-02
    1.18250E-02
    1.18750E-02
    1.19250E-02
    1.19750E-02
    1.20250E-02
    1.20750E-02
    1.21250E-02
    1.21750E-02
    1.22250E-02
    1.22750E-02
    1.23250E-02
    1.23750E-02
    1.24250E-02
    1.24750E-02
    1.25250E-02
    1.25750E-02
    1.26250E-02
    1.26750E-02
    1.27250E-02
    1.27750E-02
    1.28250E-02
    1.28750E-02
    1.29250E-02
    1.29750E-02
    1.30250E-02
    1.30750E-02
    1.31250E-02
    1.31750E-02
    1.32250E-02
    1.32750E-02
    1.33250E-02
    1.33750E-02
    1.34250E-02
    1.34750E-02
    1.35250E-02
    1.35750E-02
    1.36250E-02
    1.36750E-02
    1.37250E-02
    1.37750E-02
    1.38250E-02
    1.38750E-02
    1.39250E-02
    1.39750E-02
    1.40250E-02
    1.40750E-02
    1.41250E-02
    1.41750E-02
    1.42250E-02
    1.42750E-02
    1.43250E-02
    1.43750E-02
    1.44250E-02
    1.44750E-02
    1.45250E-02
    1.45750E-02
    1.46250E-02
    1.46750E-02
    1.47250E-02
    1.47750E-02
    1.48250E-02
    1.48750E-02
    1.49250E-02
    1.49750E-02
    1.50250E-02
    1.50750E-02
    1.51250E-02
    1.51750E-02
    1.52250E-02
    1.52750E-02
    1.53250E-02
    1.53750E-02
    1.54250E-02
    1.54750E-02
    1.55250E-02
    1.55750E-02
    1.56250E-02
    1.56750E-02
    1.57250E-02
    1.57750E-02
    1.58250E-02
    1.58750E-02
    1.59250E-02
    1.59750E-02
    1.60250E-02
    1.60750E-02
    1.61250E-02
    1.61750E-02
    1.62250E-02
    1.62750E-02
    1.63250E-02
    1.63750E-02
    1.64250E-02
    1.64750E-02
    1.65250E-02
    1.65750E-02
    1.66250E-02
    1.66750E-02
    1.67250E-02
    1.67750E-02
    1.68250E-02
    1.68750E-02
    1.69250E-02
    1.69750E-02
    1.70250E-02
    1.70750E-02
    1.71250E-02
    1.71750E-02
    1.72250E-02
    1.72750E-02
    1.73250E-02
    1.73750E-02
    1.74250E-02
    1.74750E-02
    1.75250E-02
    1.75750E-02
    1.76250E-02
    1.76750E-02
    1.77250E-02
    1.77750E-02
    1.78250E-02
    1.78750E-02
    1.79250E-02
    1.79750E-02
    1.80250E-02
    1.80750E-02
    1.81250E-02
    1.81750E-02
    1.82250E-02
    1.82750E-02
    1.83250E-02
    1.83750E-02
    1.84250E-02
    1.84750E-02
    1.85250E-02
    1.85750E-02
    1.86250E-02
    1.86750E-02
    1.87250E-02
    1.87750E-02
    1.88250E-02
    1.88750E-02
    1.89250E-02
    1.89750E-02
    1.90250E-02
    1.90750E-02
    1.91250E-02
    1.91750E-02
    1.92250E-02
    1.92750E-02
    1.93250E-02
    1.93750E-02
    1.94250E-02
    1.94750E-02
    1.95250E-02
    1.95750E-02
    1.96250E-02
    1.96750E-02
    1.97250E-02
    1.97750E-02
    1.98250E-02
    1.98750E-02
    1.99250E-02
    1.99750E-02
    2.00250E-02
