  X-Axis Coordinate
   -1.52500E-03
   -1.47500E-03
   -1.42500E-03
   -1.37500E-03
   -1.32500E-03
   -1.27500E-03
   -1.22500E-03
   -1.17500E-03
   -1.12500E-03
   -1.07500E-03
   -1.02500E-03
   -9.75000E-04
   -9.25000E-04
   -8.75000E-04
   -8.25000E-04
   -7.75000E-04
   -7.25000E-04
   -6.75000E-04
   -6.25000E-04
   -5.75000E-04
   -5.25000E-04
   -4.75000E-04
   -4.25000E-04
   -3.75000E-04
   -3.25000E-04
   -2.75000E-04
   -2.25000E-04
   -1.75000E-04
   -1.25000E-04
   -7.50000E-05
   -2.50000E-05
    2.50000E-05
    7.50000E-05
    1.25000E-04
    1.75000E-04
    2.25000E-04
    2.75000E-04
    3.25000E-04
    3.75000E-04
    4.25000E-04
    4.75000E-04
    5.25000E-04
    5.75000E-04
    6.25000E-04
    6.75000E-04
    7.25000E-04
    7.75000E-04
    8.25000E-04
    8.75000E-04
    9.25000E-04
    9.75000E-04
    1.02500E-03
    1.07500E-03
    1.12500E-03
    1.17500E-03
    1.22500E-03
    1.27500E-03
    1.32500E-03
    1.37500E-03
    1.42500E-03
    1.47500E-03
    1.52500E-03
