  Z-Axis Coordinate
   -2.50000E-05
    2.50000E-05
    7.50000E-05
    1.25000E-04
    1.75000E-04
    2.25000E-04
    2.75000E-04
    3.25000E-04
    3.75000E-04
    4.25000E-04
    4.75000E-04
    5.25000E-04
    5.75000E-04
    6.25000E-04
    6.75000E-04
    7.25000E-04
    7.75000E-04
    8.25000E-04
    8.75000E-04
    9.25000E-04
    9.75000E-04
    1.02500E-03
    1.07500E-03
    1.12500E-03
    1.17500E-03
    1.22500E-03
    1.27500E-03
    1.32500E-03
    1.37500E-03
    1.42500E-03
    1.47500E-03
    1.52500E-03
    1.57500E-03
    1.62500E-03
    1.67500E-03
    1.72500E-03
    1.77500E-03
    1.82500E-03
    1.87500E-03
    1.92500E-03
    1.97500E-03
    2.02500E-03
    2.07500E-03
    2.12500E-03
    2.17500E-03
    2.22500E-03
    2.27500E-03
    2.32500E-03
    2.37500E-03
    2.42500E-03
    2.47500E-03
    2.52500E-03
    2.57500E-03
    2.62500E-03
    2.67500E-03
    2.72500E-03
    2.77500E-03
    2.82500E-03
    2.87500E-03
    2.92500E-03
    2.97500E-03
    3.02500E-03
    3.07500E-03
    3.12500E-03
    3.17500E-03
    3.22500E-03
    3.27500E-03
    3.32500E-03
    3.37500E-03
    3.42500E-03
    3.47500E-03
    3.52500E-03
    3.57500E-03
    3.62500E-03
    3.67500E-03
    3.72500E-03
    3.77500E-03
    3.82500E-03
    3.87500E-03
    3.92500E-03
    3.97500E-03
    4.02500E-03
    4.07500E-03
    4.12500E-03
    4.17500E-03
    4.22500E-03
    4.27500E-03
    4.32500E-03
    4.37500E-03
    4.42500E-03
    4.47500E-03
    4.52500E-03
    4.57500E-03
    4.62500E-03
    4.67500E-03
    4.72500E-03
    4.77500E-03
    4.82500E-03
    4.87500E-03
    4.92500E-03
    4.97500E-03
    5.02500E-03
    5.07500E-03
    5.12500E-03
    5.17500E-03
    5.22500E-03
    5.27500E-03
    5.32500E-03
    5.37500E-03
    5.42500E-03
    5.47500E-03
    5.52500E-03
    5.57500E-03
    5.62500E-03
    5.67500E-03
    5.72500E-03
    5.77500E-03
    5.82500E-03
    5.87500E-03
    5.92500E-03
    5.97500E-03
    6.02500E-03
    6.07500E-03
    6.12500E-03
    6.17500E-03
    6.22500E-03
    6.27500E-03
    6.32500E-03
    6.37500E-03
    6.42500E-03
    6.47500E-03
    6.52500E-03
    6.57500E-03
    6.62500E-03
    6.67500E-03
    6.72500E-03
    6.77500E-03
    6.82500E-03
    6.87500E-03
    6.92500E-03
    6.97500E-03
    7.02500E-03
    7.07500E-03
    7.12500E-03
    7.17500E-03
    7.22500E-03
    7.27500E-03
    7.32500E-03
    7.37500E-03
    7.42500E-03
    7.47500E-03
    7.52500E-03
    7.57500E-03
    7.62500E-03
    7.67500E-03
    7.72500E-03
    7.77500E-03
    7.82500E-03
    7.87500E-03
    7.92500E-03
    7.97500E-03
    8.02500E-03
    8.07500E-03
    8.12500E-03
    8.17500E-03
    8.22500E-03
    8.27500E-03
    8.32500E-03
    8.37500E-03
    8.42500E-03
    8.47500E-03
    8.52500E-03
    8.57500E-03
    8.62500E-03
    8.67500E-03
    8.72500E-03
    8.77500E-03
    8.82500E-03
    8.87500E-03
    8.91250E-03
    8.93750E-03
    8.96250E-03
    8.98750E-03
    9.01250E-03
    9.03750E-03
    9.06250E-03
    9.08750E-03
    9.11250E-03
    9.13750E-03
    9.16250E-03
    9.18750E-03
    9.21250E-03
    9.23750E-03
    9.26250E-03
    9.28750E-03
    9.31250E-03
    9.33750E-03
    9.36250E-03
    9.38750E-03
    9.41250E-03
    9.43750E-03
    9.46250E-03
    9.48750E-03
    9.51250E-03
    9.53750E-03
    9.56250E-03
    9.58750E-03
    9.61250E-03
    9.63750E-03
    9.66250E-03
    9.68750E-03
    9.71250E-03
    9.73750E-03
    9.76250E-03
    9.78750E-03
    9.81250E-03
    9.83750E-03
    9.86250E-03
    9.88750E-03
    9.91250E-03
    9.93750E-03
    9.96250E-03
    9.98750E-03
    1.00125E-02
    1.00375E-02
    1.00625E-02
    1.00875E-02
    1.01125E-02
    1.01375E-02
    1.01625E-02
    1.01875E-02
    1.02125E-02
    1.02375E-02
    1.02625E-02
    1.02875E-02
    1.03125E-02
    1.03375E-02
    1.03625E-02
    1.03875E-02
    1.04125E-02
    1.04375E-02
    1.04625E-02
    1.04875E-02
    1.05125E-02
    1.05375E-02
    1.05625E-02
    1.05875E-02
    1.06125E-02
    1.06375E-02
    1.06625E-02
    1.06875E-02
    1.07125E-02
    1.07375E-02
    1.07625E-02
    1.07875E-02
    1.08125E-02
    1.08375E-02
    1.08625E-02
    1.08875E-02
    1.09125E-02
    1.09375E-02
    1.09625E-02
    1.09875E-02
    1.10125E-02
    1.10375E-02
    1.10625E-02
    1.10875E-02
    1.11125E-02
    1.11375E-02
    1.11625E-02
    1.11875E-02
    1.12125E-02
    1.12375E-02
    1.12625E-02
    1.12875E-02
    1.13125E-02
    1.13375E-02
    1.13625E-02
    1.13875E-02
    1.14125E-02
    1.14375E-02
    1.14625E-02
    1.14875E-02
    1.15125E-02
    1.15375E-02
    1.15625E-02
    1.15875E-02
    1.16125E-02
    1.16375E-02
    1.16625E-02
    1.16875E-02
    1.17125E-02
    1.17375E-02
    1.17625E-02
    1.17875E-02
    1.18125E-02
    1.18375E-02
    1.18625E-02
    1.18875E-02
    1.19125E-02
    1.19375E-02
    1.19625E-02
    1.19875E-02
    1.20125E-02
    1.20375E-02
    1.20625E-02
    1.20875E-02
    1.21125E-02
    1.21375E-02
    1.21625E-02
    1.21875E-02
    1.22125E-02
    1.22375E-02
    1.22625E-02
    1.22875E-02
    1.23125E-02
    1.23375E-02
    1.23625E-02
    1.23875E-02
    1.24125E-02
    1.24375E-02
    1.24625E-02
    1.24875E-02
    1.25250E-02
    1.25750E-02
    1.26250E-02
    1.26750E-02
    1.27250E-02
    1.27750E-02
    1.28250E-02
    1.28750E-02
    1.29250E-02
    1.29750E-02
    1.30250E-02
    1.30750E-02
    1.31250E-02
    1.31750E-02
    1.32250E-02
    1.32750E-02
    1.33250E-02
    1.33750E-02
    1.34250E-02
    1.34750E-02
    1.35250E-02
    1.35750E-02
    1.36250E-02
    1.36750E-02
    1.37250E-02
    1.37750E-02
    1.38250E-02
    1.38750E-02
    1.39250E-02
    1.39750E-02
    1.40250E-02
    1.40750E-02
    1.41250E-02
    1.41750E-02
    1.42250E-02
    1.42750E-02
    1.43250E-02
    1.43750E-02
    1.44250E-02
    1.44750E-02
    1.45250E-02
    1.45750E-02
    1.46250E-02
    1.46750E-02
    1.47250E-02
    1.47750E-02
    1.48250E-02
    1.48750E-02
    1.49250E-02
    1.49750E-02
    1.50250E-02
    1.50750E-02
    1.51250E-02
    1.51750E-02
    1.52250E-02
    1.52750E-02
    1.53250E-02
    1.53750E-02
    1.54250E-02
    1.54750E-02
    1.55250E-02
    1.55750E-02
    1.56250E-02
    1.56750E-02
    1.57250E-02
    1.57750E-02
    1.58250E-02
    1.58750E-02
    1.59250E-02
    1.59750E-02
    1.60250E-02
    1.60750E-02
    1.61250E-02
    1.61750E-02
    1.62250E-02
    1.62750E-02
    1.63250E-02
    1.63750E-02
    1.64250E-02
    1.64750E-02
    1.65250E-02
    1.65750E-02
    1.66250E-02
    1.66750E-02
    1.67250E-02
    1.67750E-02
    1.68250E-02
    1.68750E-02
    1.69250E-02
    1.69750E-02
    1.70250E-02
    1.70750E-02
    1.71250E-02
    1.71750E-02
    1.72250E-02
    1.72750E-02
    1.73250E-02
    1.73750E-02
    1.74250E-02
    1.74750E-02
    1.75250E-02
    1.75750E-02
    1.76250E-02
    1.76750E-02
    1.77250E-02
    1.77750E-02
    1.78250E-02
    1.78750E-02
    1.79250E-02
    1.79750E-02
    1.80250E-02
    1.80750E-02
    1.81250E-02
    1.81750E-02
    1.82250E-02
    1.82750E-02
    1.83250E-02
    1.83750E-02
    1.84250E-02
    1.84750E-02
    1.85250E-02
    1.85750E-02
    1.86250E-02
    1.86750E-02
    1.87250E-02
    1.87750E-02
    1.88250E-02
    1.88750E-02
    1.89250E-02
    1.89750E-02
    1.90250E-02
    1.90750E-02
    1.91250E-02
    1.91750E-02
    1.92250E-02
    1.92750E-02
    1.93250E-02
    1.93750E-02
    1.94250E-02
    1.94750E-02
    1.95250E-02
    1.95750E-02
    1.96250E-02
    1.96750E-02
    1.97250E-02
    1.97750E-02
    1.98250E-02
    1.98750E-02
    1.99250E-02
    1.99750E-02
    2.00250E-02
